%Depth(m)  Vp(km/s) Vs(km/s) density(gm/cc) GR nphi(porosity fraction)
2168.091   2.755   1.387   2.070  64.112   0.316
2168.244   2.801   1.415   2.085  63.328   0.311
2168.396   2.802   1.423   2.107  62.142   0.311
2168.548   2.816   1.423   2.117  61.770   0.330
2168.701   2.847   1.427   2.134  63.157   0.328
2168.853   2.800   1.430   2.132  63.365   0.332
2169.006   2.755   1.429   2.138  62.915   0.311
2169.158   2.821   1.418   2.139  62.964   0.307
2169.310   2.852   1.418   2.138  62.945   0.304
2169.463   2.785   1.493   2.132  64.978   0.300
2169.615   2.813   1.405   2.126  63.444   0.314
2169.768   2.781   1.461   2.130  63.624   0.302
2169.920   2.828   1.480   2.129  62.610   0.308
2170.073   2.884   1.542   2.128  62.130   0.302
2170.225   2.824   1.542   2.125  62.992   0.308
2170.377   2.829   1.537   2.134  63.835   0.307
2170.530   2.812   1.515   2.142  65.507   0.300
2170.682   2.798   1.494   2.139  66.303   0.297
2170.834   2.798   1.498   2.132  64.255   0.301
2170.987   2.836   1.498   2.111  64.898   0.305
2171.139   2.847   1.475   2.099  64.239   0.305
2171.291   2.854   1.506   2.094  63.555   0.302
2171.444   2.867   1.464   2.105  63.477   0.302
2171.596   2.881   1.458   2.120  62.258   0.305
2171.749   2.894   1.458   2.127  63.602   0.308
2171.901   2.888   1.468   2.128  62.514   0.324
2172.054   2.899   1.453   2.123  63.280   0.329
2172.206   2.901   1.456   2.123  64.706   0.335
2172.358   2.915   1.461   2.124  63.281   0.323
2172.511   2.900   1.411   2.133  62.747   0.324
2172.663   2.908   1.411   2.147  63.188   0.313
2172.816   2.886   1.397   2.158  66.463   0.317
2172.968   2.868   1.363   2.156  66.912   0.322
2173.120   2.826   1.381   2.145  65.518   0.324
2173.273   2.796   1.369   2.129  66.392   0.315
2173.425   2.760   1.369   2.114  67.959   0.306
2173.578   2.738   1.350   2.107  69.095   0.317
2173.730   2.692   1.321   2.119  67.109   0.320
2173.882   2.813   1.306   2.127  65.633   0.315
2174.035   2.859   1.311   2.131  66.063   0.306
2174.187   2.878   1.373   2.157  70.350   0.331
2174.340   2.862   1.373   2.201  78.557   0.344
2174.492   2.926   1.388   2.249  82.900   0.362
2174.644   2.908   1.459   2.236  79.464   0.326
2174.797   2.904   1.467   2.199  74.055   0.314
2174.949   2.893   1.504   2.165  68.826   0.293
2175.102   2.901   1.504   2.148  72.753   0.303
2175.254   2.911   1.515   2.147  69.209   0.295
2175.407   2.925   1.524   2.148  70.010   0.289
2175.559   2.925   1.537   2.146  66.053   0.288
2175.711   2.925   1.535   2.144  68.387   0.305
2175.863   2.923   1.534   2.128  66.328   0.309
2176.016   2.929   1.534   2.125  66.713   0.306
2176.169   2.931   1.536   2.123  65.222   0.298
2176.321   2.916   1.528   2.129  67.736   0.297
2176.473   2.915   1.519   2.129  65.305   0.287
2176.626   2.917   1.514   2.130  65.117   0.285
2176.778   2.920   1.514   2.135  63.738   0.293
2176.930   2.895   1.505   2.131  65.668   0.308
2177.083   2.915   1.450   2.127  63.326   0.314
2177.235   2.901   1.447   2.121  63.378   0.311
2177.388   2.898   1.442   2.127  64.864   0.311
2177.540   2.901   1.392   2.127  68.604   0.309
2177.692   2.905   1.392   2.130  69.199   0.304
2177.845   2.916   1.486   2.129  67.183   0.313
2177.997   2.917   1.452   2.121  65.534   0.304
2178.150   2.898   1.389   2.123  66.022   0.313
2178.302   2.888   1.440   2.120  66.578   0.311
2178.454   2.870   1.440   2.122  67.189   0.326
2178.607   2.859   1.372   2.121  68.801   0.323
2178.759   2.859   1.420   2.125  68.619   0.316
2178.912   2.887   1.427   2.120  68.769   0.313
2179.064   2.889   1.383   2.123  66.634   0.312
2179.216   2.878   1.383   2.121  69.377   0.309
2179.369   2.849   1.382   2.135  72.952   0.300
2179.521   2.847   1.453   2.167  79.309   0.314
2179.674   2.846   1.454   2.205  79.919   0.323
2179.826   2.793   1.464   2.230  80.320   0.337
2179.979   2.843   1.496   2.224  72.709   0.316
2180.131   2.870   1.496   2.187  68.642   0.296
2180.283   2.890   1.495   2.147  62.728   0.292
2180.436   2.898   1.501   2.121  62.736   0.308
2180.588   2.933   1.482   2.123  62.090   0.325
2180.740   2.899   1.522   2.121  62.021   0.317
2180.893   2.890   1.498   2.118  59.310   0.300
2181.045   2.879   1.498   2.127  60.904   0.298
2181.198   2.881   1.399   2.133  63.502   0.303
2181.350   2.872   1.423   2.138  67.459   0.310
2181.502   2.869   1.383   2.135  69.305   0.299
2181.655   2.894   1.402   2.128  66.663   0.298
2181.807   2.883   1.402   2.126  66.819   0.300
2181.960   2.921   1.433   2.139  65.143   0.307
2182.112   2.902   1.373   2.175  71.634   0.332
2182.264   2.906   1.462   2.215  72.772   0.343
2182.417   2.915   1.405   2.213  72.774   0.353
2182.569   2.894   1.405   2.181  68.286   0.333
2182.722   2.901   1.528   2.150  65.791   0.333
2182.874   2.916   1.569   2.144  62.200   0.325
2183.026   2.906   1.512   2.141  63.351   0.321
2183.179   2.865   1.544   2.152  66.829   0.306
2183.331   2.876   1.544   2.174  74.724   0.318
2183.484   2.909   1.455   2.181  75.044   0.327
2183.636   2.915   1.452   2.159  69.818   0.329
2183.788   2.896   1.461   2.140  64.200   0.301
2183.941   2.924   1.594   2.141  61.712   0.304
2184.093   2.760   1.594   2.143  62.566   0.295
