%Depth(m)  Vp(km/s) Vs(km/s) density(gm/cc) GR nphi(porosity fraction)
2143.200   2.515   1.034   2.268  85.741   0.467
2143.400   2.488   1.000   2.284  91.238   0.460
2143.600   2.535   0.993   2.294  90.118   0.459
2143.700   2.549   0.969   2.288  90.405   0.449
2143.900   2.480   0.952   2.299  87.152   0.431
2144.000   2.461   0.914   2.302  85.193   0.403
2144.200   2.413   0.966   2.286  84.214   0.389
2144.300   2.362   0.968   2.282  85.633   0.380
2144.500   2.342   0.934   2.271  88.091   0.373
2144.600   2.419   1.045   2.258  88.715   0.411
2144.800   2.457   1.099   2.253  91.052   0.423
2144.900   2.442   0.999   2.272  91.211   0.436
2145.100   2.452   0.974   2.281  92.187   0.428
2145.200   2.432   0.978   2.277  86.885   0.426
2145.400   2.397   0.986   2.280  85.173   0.436
2145.500   2.431   0.983   2.275  83.288   0.454
2145.700   2.474   0.954   2.267  86.543   0.451
2145.800   2.522   0.984   2.275  84.174   0.455
2146.000   2.570   0.984   2.285  85.651   0.444
2146.100   2.576   1.048   2.296  85.548   0.445
2146.300   2.573   1.086   2.306  86.582   0.461
2146.500   2.579   1.060   2.308  83.832   0.436
2146.600   2.519   1.106   2.307  83.044   0.434
2146.800   2.493   1.106   2.308  82.104   0.394
2146.900   2.484   1.104   2.314  83.453   0.388
2147.100   2.482   1.138   2.312  81.109   0.346
2147.200   2.493   1.074   2.287  82.512   0.348
2147.400   2.465   1.028   2.286  82.734   0.358
2147.500   2.529   1.008   2.289  88.181   0.407
2147.700   2.534   1.006   2.282  90.445   0.438
2147.800   2.548   1.007   2.297  95.458   0.453
2148.000   2.519   1.056   2.298  92.235   0.412
2148.100   2.497   1.041   2.301  86.545   0.389
2148.300   2.452   1.027   2.295  80.578   0.371
2148.400   2.475   1.027   2.290  77.129   0.372
2148.600   2.407   1.021   2.280  83.051   0.389
2148.700   2.447   1.041   2.285  88.607   0.388
2148.900   2.607   1.071   2.269  95.042   0.419
2149.000   2.577   1.030   2.278  93.029   0.417
2149.200   2.596   1.030   2.315  91.644   0.431
2149.300   2.615   1.079   2.308  85.873   0.418
2149.500   2.562   0.966   2.312  80.125   0.414
2149.700   2.412   0.943   2.317  73.650   0.427
2149.800   2.341   0.944   2.305  75.266   0.438
2150.000   2.363   0.943   2.270  81.796   0.426
2150.100   2.375   0.932   2.253  86.304   0.380
2150.300   2.388   0.949   2.259  86.509   0.365
2150.400   2.525   1.015   2.262  88.455   0.389
2150.600   2.623   1.012   2.265  89.941   0.442
2150.700   2.620   1.011   2.296  89.902   0.467
2150.900   2.574   0.959   2.318  84.538   0.466
2151.000   2.436   0.911   2.318  82.703   0.430
2151.200   2.411   0.904   2.308  84.984   0.395
2151.300   2.459   0.900   2.276  88.459   0.367
2151.500   2.503   0.945   2.270  88.201   0.396
2151.600   2.474   0.946   2.281  88.646   0.452
2151.800   2.583   1.041   2.291  90.559   0.489
2151.900   2.611   1.049   2.285  91.129   0.462
2152.100   2.607   1.076   2.309  87.318   0.428
2152.200   2.582   1.091   2.316  84.748   0.410
2152.400   2.529   1.087   2.315  81.900   0.384
2152.500   2.497   1.080   2.309  82.502   0.352
2152.700   2.516   1.099   2.307  80.480   0.320
2152.900   2.478   0.998   2.290  81.295   0.337
2153.000   2.440   0.983   2.294  83.170   0.409
2153.200   2.375   0.985   2.286  86.529   0.415
2153.300   2.369   0.949   2.277  83.276   0.412
2153.500   2.364   0.985   2.262  83.307   0.368
2153.600   2.443   0.954   2.260  78.497   0.399
2153.800   2.511   1.071   2.259  82.646   0.442
2153.900   2.641   1.076   2.277  81.909   0.458
2154.100   2.669   1.137   2.194  84.724   0.481
