%Depth(m)  Vp(km/s) Vs(km/s) density(gm/cc) GR nphi(porosity fraction)
2186.075   2.755   1.231   2.086  80.781   0.389
2186.227   2.758   1.284   2.102  71.989   0.332
2186.379   2.806   1.284   2.119  63.179   0.309
2186.532   2.826   1.310   2.134  63.464   0.303
2186.684   2.823   1.340   2.157  66.926   0.291
2186.836   2.827   1.334   2.179  73.898   0.295
2186.989   2.812   1.258   2.184  80.764   0.318
2187.141   2.770   1.258   2.172  86.256   0.324
2187.294   2.735   1.249   2.159  86.912   0.335
2187.446   2.705   1.254   2.175  88.674   0.340
2187.598   2.683   1.151   2.202  90.489   0.334
2187.751   2.740   1.189   2.207  91.968   0.338
2187.903   2.660   1.189   2.187  90.106   0.350
2188.056   2.819   1.257   2.179  86.395   0.369
2188.208   2.872   1.263   2.206  85.219   0.379
2188.360   2.867   1.334   2.209  80.302   0.357
2188.513   2.878   1.345   2.179  77.213   0.343
2188.665   2.839   1.266   2.163  70.672   0.303
2188.818   2.788   1.266   2.156  69.762   0.291
2188.970   2.776   1.210   2.172  68.836   0.290
2189.122   2.775   1.199   2.174  70.386   0.303
2189.275   2.736   1.182   2.171  71.141   0.341
2189.427   2.864   1.226   2.174  70.898   0.352
2189.580   2.953   1.227   2.181  67.363   0.346
2189.732   2.999   1.291   2.190  65.738   0.318
2189.885   2.971   1.293   2.176  63.050   0.301
2190.037   2.937   1.286   2.151  65.804   0.299
2190.189   2.925   1.308   2.147  62.906   0.299
2190.342   2.938   1.308   2.147  62.384   0.302
2190.494   2.978   1.301   2.168  61.918   0.297
2190.646   3.078   1.277   2.194  64.404   0.286
2190.799   2.917   1.304   2.208  65.960   0.286
2190.951   2.828   1.178   2.200  63.409   0.300
2191.104   2.708   1.122   2.195  61.782   0.304
2191.256   2.705   1.122   2.203  63.781   0.302
2191.408   2.773   1.377   2.212  69.056   0.281
2191.561   2.798   1.486   2.154  76.527   0.338
2191.713   2.916   1.454   2.106  81.643   0.361
2191.865   2.994   1.410   2.090  83.862   0.403
2192.018   2.996   1.407   2.163  80.070   0.352
2192.170   2.966   1.416   2.197  75.865   0.335
2192.323   2.968   1.397   2.196  71.303   0.309
2192.475   2.975   1.349   2.163  68.680   0.309
2192.628   2.998   1.372   2.165  66.231   0.309
2192.780   2.988   1.372   2.171  64.699   0.296
2192.932   2.993   1.373   2.177  64.382   0.282
2193.085   2.984   1.383   2.177  63.953   0.270
2193.237   2.974   1.390   2.171  64.111   0.273
2193.390   3.014   1.430   2.172  64.468   0.299
2193.542   3.026   1.430   2.174  64.033   0.303
2193.694   3.028   1.434   2.181  64.005   0.309
2193.847   3.021   1.360   2.188  65.066   0.301
2193.999   2.967   1.359   2.213  71.139   0.305
2194.152   3.031   1.318   2.250  77.209   0.301
2194.304   2.994   1.318   2.283  85.071   0.294
2194.456   2.959   1.318   2.297  87.816   0.294
2194.609   2.910   1.284   2.280  88.320   0.324
2194.761   2.889   1.204   2.259  86.235   0.350
2194.914   2.844   1.196   2.256  85.667   0.357
2195.066   2.865   1.219   2.262  85.810   0.335
2195.218   2.816   1.219   2.265  83.883   0.325
2195.371   2.789   1.232   2.251  82.092   0.332
2195.523   2.803   1.236   2.238  79.895   0.341
2195.675   2.811   1.252   2.223  77.284   0.350
2195.828   2.815   1.321   2.202  71.435   0.323
2195.981   2.838   1.288   2.194  70.043   0.330
2196.133   2.834   1.288   2.206  74.106   0.329
2196.285   2.852   1.240   2.213  76.822   0.359
2196.438   2.852   1.217   2.199  77.425   0.339
2196.590   2.852   1.183   2.181  72.842   0.317
2196.742   2.814   1.208   2.161  71.872   0.306
2196.895   2.774   1.208   2.157  71.885   0.309
2197.047   2.788   1.200   2.144  72.930   0.317
2197.200   2.757   1.150   2.129  73.087   0.314
2197.352   2.680   1.110   2.125  76.032   0.312
2197.504   2.663   1.104   2.140  79.030   0.299
2197.657   2.658   1.104   2.150  83.393   0.333
2197.809   2.645   1.115   2.153  82.385   0.341
2197.962   2.624   1.106   2.182  83.366   0.367
2198.114   2.637   1.093   2.203  84.184   0.333
2198.266   2.743   1.099   2.229  87.152   0.321
2198.419   2.728   1.192   2.177  89.969   0.358
2198.571   2.933   1.193   2.144  91.525   0.379
2198.724   2.924   1.220   2.125  92.180   0.390
2198.876   2.905   1.221   2.178  89.704   0.339
2199.028   2.896   1.306   2.203  86.792   0.322
2199.181   2.862   1.218   2.229  84.140   0.325
2199.333   2.791   1.218   2.222  76.863   0.330
2199.486   2.703   1.195   2.216  76.902   0.330
2199.638   2.701   1.232   2.207  80.476   0.310
2199.790   2.641   1.171   2.189  88.605   0.334
2199.943   2.604   1.089   2.152  90.809   0.365
2200.095   2.628   1.089   2.131  91.484   0.372
