%Depth(m)  Vp(km/s) Vs(km/s) density(gm/cc) GR nphi(porosity fraction)
2078.000   2.372   1.008   2.249  93.072   0.413
2078.200   2.345   0.957   2.240  96.548   0.428
2078.300   2.284   0.914   2.226  99.909   0.413
2078.500   2.293   0.914   2.229 106.740   0.431
2078.600   2.298   0.949   2.232 106.320   0.433
2078.800   2.304   0.912   2.234 102.530   0.424
2078.900   2.301   0.903   2.231  96.560   0.431
2079.100   2.287   0.902   2.221  90.516   0.441
2079.200   2.296   0.920   2.220  88.505   0.453
2079.400   2.318   0.920   2.236  92.054   0.446
2079.500   2.305   0.931   2.244 101.430   0.442
2079.700   2.308   0.981   2.250 108.490   0.459
2079.900   2.330   0.948   2.260 115.980   0.435
2080.000   2.341   0.955   2.266 115.210   0.438
2080.200   2.348   0.955   2.264 118.310   0.429
2080.300   2.368   0.991   2.258 114.660   0.443
2080.500   2.372   0.989   2.251 117.760   0.420
2080.600   2.380   0.991   2.252 114.680   0.420
2080.800   2.380   0.991   2.250 113.070   0.432
2080.900   2.378   0.992   2.262 108.740   0.410
2081.100   2.378   0.992   2.262 105.160   0.402
2081.200   2.370   0.986   2.267 105.790   0.396
2081.400   2.376   0.984   2.263 105.980   0.435
2081.500   2.389   0.954   2.266 105.460   0.423
2081.700   2.367   0.943   2.268 101.710   0.428
2081.800   2.329   0.943   2.278  94.574   0.410
2082.000   2.313   0.916   2.278  93.928   0.419
2082.100   2.287   0.908   2.276  95.720   0.403
2082.300   2.280   0.906   2.252 104.470   0.407
2082.400   2.284   0.884   2.232 110.610   0.412
2082.600   2.284   0.889   2.214 113.470   0.423
2082.700   2.285   0.889   2.219 114.980   0.410
2082.900   2.298   0.880   2.243 111.510   0.408
2083.100   2.294   0.909   2.243 112.760   0.407
2083.200   2.299   0.887   2.241 118.630   0.420
2083.400   2.308   0.937   2.225 128.350   0.427
2083.500   2.336   0.937   2.219 136.510   0.451
2083.700   2.364   0.919   2.207 136.010   0.445
2083.800   2.364   0.987   2.231 126.790   0.438
2084.000   2.376   0.982   2.252 111.510   0.402
2084.100   2.364   0.980   2.277  93.771   0.403
2084.300   2.343   0.980   2.273  86.978   0.401
2084.400   2.346   0.967   2.268  89.525   0.412
2084.600   2.358   0.966   2.267  98.440   0.411
2084.700   2.359   0.976   2.264 103.250   0.434
2084.900   2.363   0.983   2.260 103.290   0.425
2085.000   2.374   0.986   2.250  99.647   0.431
2085.200   2.368   0.986   2.255  98.140   0.422
2085.300   2.366   0.981   2.266  95.972   0.426
2085.500   2.353   0.980   2.270  97.307   0.432
2085.600   2.350   0.967   2.264 100.670   0.422
2085.800   2.336   0.941   2.252 102.830   0.410
2085.900   2.352   0.941   2.250 104.610   0.419
2086.100   2.349   0.989   2.245 104.840   0.426
2086.300   2.333   0.986   2.252 103.040   0.434
2086.400   2.330   0.960   2.256  99.077   0.439
2086.600   2.307   0.904   2.269  94.247   0.420
2086.700   2.300   0.894   2.274  88.184   0.411
2086.900   2.296   0.894   2.269  85.986   0.386
2087.000   2.292   0.893   2.254  84.740   0.401
2087.200   2.312   0.861   2.237  88.431   0.425
2087.300   2.330   0.906   2.237  92.717   0.436
2087.500   2.348   0.917   2.235  97.153   0.442
2087.600   2.343   0.917   2.233 102.830   0.446
2087.800   2.348   0.922   2.225 103.860   0.452
2087.900   2.352   0.932   2.231  99.881   0.447
2088.100   2.380   0.940   2.239  91.094   0.417
2088.200   2.396   0.944   2.250  83.853   0.411
2088.400   2.394   0.943   2.253  80.584   0.407
2088.500   2.389   0.943   2.242  80.487   0.415
2088.700   2.405   0.944   2.233  80.665   0.412
2088.800   2.402   0.942   2.228  86.341   0.414
2089.000   2.385   0.938   2.223  88.957   0.409
2089.100   2.374   0.930   2.225  91.869   0.411
2089.300   2.356   0.930   2.230  87.508   0.409
2089.500   2.341   0.917   2.230  89.945   0.417
2089.600   2.338   0.910   2.232  87.808   0.408
2089.800   2.334   0.902   2.241  89.539   0.414
2089.900   2.325   0.905   2.238  85.534   0.402
2090.100   2.313   0.905   2.231  87.885   0.401
2090.200   2.327   0.912   2.235  88.055   0.421
2090.400   2.320   0.920   2.245  91.633   0.445
2090.500   2.321   0.922   2.255  92.362   0.456
2090.700   2.325   0.918   2.256  96.658   0.430
2090.800   2.327   0.915   2.261  99.528   0.405
2091.000   2.329   0.915   2.258 104.700   0.384
2091.100   2.329   0.913   2.257 107.740   0.379
2091.300   2.339   0.931   2.247 107.250   0.388
2091.400   2.352   0.942   2.238 104.750   0.396
2091.600   2.378   0.942   2.228 101.300   0.396
2091.700   2.374   0.942   2.238  99.456   0.413
2091.900   2.376   0.958   2.256  96.147   0.428
2092.000   2.377   0.957   2.270  94.147   0.429
2092.200   2.388   0.959   2.273  95.710   0.398
2092.300   2.385   0.987   2.266 101.450   0.368
2092.500   2.375   0.987   2.262 101.700   0.372
2092.700   2.381   0.982   2.267  98.351   0.383
2092.800   2.386   0.982   2.268  91.440   0.402
2093.000   2.374   0.957   2.269  87.204   0.404
2093.100   2.344   0.943   2.264  83.672   0.415
2093.300   2.331   0.939   2.262  83.651   0.398
2093.400   2.342   0.939   2.255  84.635   0.380
2093.600   2.348   0.951   2.253  90.135   0.368
2093.700   2.349   0.953   2.252  90.617   0.380
2093.900   2.346   0.953   2.241  92.519   0.403
2094.000   2.353   0.905   2.244  90.036   0.413
2094.200   2.340   0.905   2.268  88.549   0.424
2094.300   2.337   0.941   2.281  87.587   0.414
2094.500   2.327   0.923   2.279  87.246   0.424
2094.600   2.325   0.929   2.260  88.661   0.424
2094.800   2.332   0.954   2.253  88.664   0.421
2094.900   2.357   0.925   2.250  88.291   0.411
2095.100   2.373   0.925   2.259  87.679   0.420
2095.200   2.393   0.943   2.265  86.542   0.437
2095.400   2.389   0.947   2.292  83.440   0.421
2095.500   2.369   0.944   2.325  80.700   0.406
2095.700   2.360   0.922   2.332  79.673   0.409
2095.900   2.343   0.922   2.310  83.453   0.424
2096.000   2.336   0.923   2.273  86.648   0.428
2096.200   2.324   0.903   2.249  88.211   0.404
2096.300   2.325   0.903   2.242  87.174   0.433
2096.500   2.325   0.904   2.237  86.822   0.436
2096.600   2.314   0.899   2.236  89.030   0.446
2096.800   2.312   0.899   2.238  91.568   0.410
2096.900   2.307   0.904   2.228  96.171   0.406
2097.100   2.318   0.906   2.226  95.094   0.413
2097.200   2.336   0.914   2.220  92.705   0.428
2097.400   2.343   0.915   2.247  87.702   0.430
2097.500   2.323   0.915   2.244  84.252   0.437
2097.700   2.308   0.916   2.247  84.266   0.421
2097.800   2.307   0.886   2.236  84.106   0.427
2098.000   2.309   0.888   2.245  87.591   0.415
2098.100   2.317   0.900   2.244  87.807   0.416
2098.300   2.333   0.924   2.238  91.973   0.418
2098.400   2.358   0.924   2.238  95.218   0.443
2098.600   2.366   0.929   2.244  98.321   0.464
2098.700   2.368   0.933   2.248  97.537   0.455
2098.900   2.373   0.987   2.254  92.839   0.428
2099.100   2.374   0.989   2.265  91.230   0.423
2099.200   2.382   0.989   2.286  88.756   0.408
2099.400   2.373   0.961   2.284  88.939   0.404
2099.500   2.372   0.950   2.278  87.871   0.377
2099.700   2.374   0.941   2.267  87.230   0.391
2099.800   2.374   0.944   2.263  87.509   0.393
2100.000   2.365   0.948   2.261  88.774   0.409
2100.100   2.380   0.948   2.256  91.598   0.412
2100.300   2.386   0.943   2.258  94.374   0.424
2100.400   2.386   0.944   2.262  94.231   0.431
2100.600   2.394   0.989   2.275  92.638   0.418
2100.700   2.372   0.984   2.285  92.462   0.406
2100.900   2.362   0.984   2.289  92.675   0.414
2101.000   2.360   0.981   2.282  96.884   0.416
2101.200   2.372   0.974   2.266  96.704   0.429
2101.300   2.380   0.978   2.260  99.703   0.422
2101.500   2.388   1.008   2.255  96.436   0.446
2101.600   2.413   1.008   2.255  94.051   0.426
2101.800   2.433   1.015   2.253  90.481   0.397
2101.900   2.430   0.995   2.263  89.334   0.377
2102.100   2.416   0.987   2.268  88.850   0.391
2102.300   2.400   1.009   2.280  86.804   0.408
2102.400   2.380   0.986   2.290  86.138   0.406
2102.600   2.368   0.986   2.286  86.870   0.411
2102.700   2.349   0.985   2.263  87.971   0.409
2102.900   2.350   0.984   2.240  86.831   0.422
2103.000   2.353   0.985   2.224  89.115   0.424
2103.200   2.358   0.931   2.225  87.930   0.423
2103.300   2.365   0.931   2.246  89.196   0.400
2103.500   2.369   0.982   2.269  88.101   0.386
2103.600   2.366   0.973   2.281  88.320   0.402
2103.800   2.356   0.974   2.269  91.801   0.422
2103.900   2.352   0.980   2.249  91.625   0.432
2104.100   2.353   0.962   2.243  96.088   0.434
2104.200   2.348   0.962   2.260  92.137   0.427
2104.400   2.344   0.961   2.281  90.925   0.432
2104.500   2.346   0.955   2.275  89.320   0.425
2104.700   2.357   0.956   2.258  90.020   0.428
2104.800   2.366   0.966   2.244  91.661   0.433
2105.000   2.381   0.966   2.239  92.477   0.433
