%Depth(m)  Vp(km/s) Vs(km/s) density(gm/cc) GR nphi(porosity fraction)
2154.070   2.669   1.137   1.885  84.724   0.481
2154.223   2.773   1.127   1.938  79.036   0.440
2154.375   2.755   1.210   2.082  76.655   0.392
2154.528   2.673   1.238   2.195  73.779   0.333
2154.680   2.710   1.198   2.219  79.387   0.324
2154.832   2.739   1.198   2.197  79.998   0.336
2154.985   2.779   1.174   2.164  78.259   0.337
2155.137   2.801   1.177   2.157  72.522   0.326
2155.290   2.722   1.172   2.161  67.996   0.310
2155.442   2.750   1.060   2.162  67.319   0.283
2155.595   2.761   1.060   2.183  70.847   0.292
2155.747   2.762   1.233   2.202  71.222   0.309
2155.899   2.693   1.355   2.208  70.689   0.320
2156.052   2.733   1.363   2.199  64.784   0.325
2156.204   2.736   1.363   2.176  61.690   0.316
2156.356   2.707   1.257   2.161  58.895   0.320
2156.509   2.695   1.257   2.161  56.608   0.310
2156.661   2.661   1.327   2.158  56.156   0.310
2156.814   2.681   1.309   2.155  54.499   0.313
2156.966   2.628   1.401   2.148  55.043   0.319
2157.118   2.630   1.400   2.142  55.759   0.317
2157.271   2.609   1.400   2.134  57.688   0.325
2157.423   2.623   1.271   2.126  56.773   0.323
2157.576   2.591   1.197   2.123  55.786   0.321
2157.728   2.555   1.200   2.113  57.472   0.320
2157.880   2.532   1.229   2.107  59.103   0.322
2158.033   2.451   1.229   2.116  59.558   0.328
2158.185   2.210   1.044   2.116  58.180   0.329
2158.338   2.200   1.020   2.114  57.246   0.338
2158.490   2.238   0.970   2.104  56.434   0.342
2158.642   2.324   0.928   2.104  56.992   0.353
2158.795   2.422   1.077   2.098  61.904   0.377
2158.947   2.512   1.075   2.083  65.248   0.395
2159.100   2.580   1.101   2.074  65.348   0.403
2159.252   2.569   1.144   2.071  61.506   0.371
2159.404   2.582   1.195   2.069  58.878   0.341
2159.557   2.593   1.200   2.083  58.044   0.343
2159.709   2.607   1.220   2.112  57.634   0.348
2159.862   2.617   1.220   2.158  58.171   0.354
2160.014   2.632   1.216   2.186  59.811   0.324
2160.166   2.622   1.318   2.175  60.471   0.330
2160.319   2.628   1.377   2.142  59.920   0.334
2160.471   2.607   1.346   2.124  53.958   0.343
2160.624   2.582   1.301   2.148  52.595   0.322
2160.776   2.545   1.301   2.194  53.172   0.314
2160.928   2.513   1.182   2.198  55.362   0.313
2161.081   2.533   1.179   2.158  56.822   0.321
2161.233   2.569   1.195   2.110  55.226   0.332
2161.385   2.568   1.192   2.083  56.408   0.344
2161.538   2.529   1.224   2.069  54.863   0.349
2161.690   2.511   1.224   2.067  56.950   0.349
2161.843   2.538   1.304   2.072  55.373   0.341
2161.995   2.545   1.338   2.089  53.118   0.322
2162.148   2.553   1.314   2.099  55.171   0.307
2162.300   2.536   1.315   2.101  55.110   0.303
2162.452   2.505   1.418   2.100  58.940   0.305
2162.605   2.499   1.418   2.106  55.431   0.299
2162.757   2.474   1.378   2.105  57.128   0.299
2162.910   2.463   1.418   2.101  54.855   0.292
2163.062   2.470   1.346   2.094  54.061   0.310
2163.214   2.433   1.317   2.083  51.886   0.304
2163.367   2.444   1.230   2.074  52.253   0.319
2163.519   2.432   1.015   2.066  52.965   0.319
2163.672   2.382   1.015   2.061  54.919   0.325
2163.824   2.373   1.015   2.064  56.949   0.320
2163.976   2.378   0.735   2.087  61.310   0.312
2164.129   2.189   0.735   2.105  61.257   0.306
