%Depth(m)  Vp(km/s) Vs(km/s) density(gm/cc) GR nphi(porosity fraction)
2254.045   3.300   1.375   2.136  63.663   0.316
2254.197   3.408   1.379   2.131  63.871   0.319
2254.350   3.483   1.374   2.134  64.394   0.315
2254.502   3.495   1.471   2.144  63.477   0.308
2254.654   3.502   1.488   2.155  66.372   0.322
2254.807   3.338   1.488   2.157  70.579   0.346
2254.959   3.302   1.579   2.153  73.378   0.346
2255.112   3.232   1.593   2.139  71.493   0.346
2255.264   3.209   1.533   2.141  67.058   0.324
2255.416   3.178   1.594   2.150  64.271   0.313
2255.569   3.187   1.599   2.160  63.135   0.293
2255.721   3.182   1.599   2.158  62.612   0.303
2255.874   3.151   1.591   2.158  61.362   0.306
2256.026   3.185   1.518   2.159  60.807   0.321
2256.178   3.169   1.469   2.158  62.244   0.310
2256.331   3.151   1.515   2.162  62.631   0.313
2256.483   3.152   1.559   2.153  63.184   0.304
2256.635   3.194   1.559   2.157  61.211   0.299
2256.788   3.211   1.712   2.149  60.573   0.293
2256.940   3.201   1.668   2.143  60.826   0.287
2257.093   3.201   1.597   2.142  61.696   0.305
2257.245   3.238   1.465   2.141  61.869   0.317
2257.398   3.282   1.311   2.146  62.361   0.331
2257.550   3.160   1.311   2.145  62.828   0.310
2257.702   3.040   1.183   2.149  62.757   0.311
2257.855   2.985   1.176   2.151  63.268   0.309
2258.007   2.764   1.202   2.170  65.231   0.318
2258.160   2.786   1.167   2.191  68.296   0.308
2258.312   2.824   1.167   2.215  72.081   0.315
2258.464   2.884   1.194   2.234  77.228   0.328
2258.617   2.943   1.251   2.264  82.104   0.346
2258.769   3.114   1.258   2.268  82.600   0.350
2258.922   3.230   1.355   2.252  81.312   0.362
2259.074   3.326   1.355   2.217  77.913   0.346
2259.226   3.395   1.501   2.200  75.481   0.336
2259.379   3.377   1.494   2.195  70.090   0.306
2259.531   3.372   1.613   2.196  70.978   0.293
2259.684   3.254   1.628   2.191  70.279   0.285
2259.836   3.047   1.628   2.176  70.167   0.270
2259.988   2.962   1.529   2.159  64.784   0.274
2260.141   2.931   1.497   2.147  62.085   0.279
2260.293   2.868   1.424   2.140  62.142   0.307
2260.446   2.833   1.251   2.124  62.827   0.321
2260.598   2.779   1.203   2.107  66.073   0.328
2260.751   2.767   1.203   2.093  68.601   0.334
2260.903   2.989   1.217   2.089  71.739   0.340
2261.055   2.991   1.241   2.096  71.669   0.368
2261.207   3.067   1.246   2.114  70.618   0.395
2261.360   2.996   1.247   2.140  73.773   0.421
2261.512   2.975   1.247   2.156  77.439   0.399
2261.665   3.038   1.258   2.175  84.052   0.370
2261.817   2.985   1.255   2.192  83.529   0.335
2261.970   2.983   1.363   2.192  79.206   0.336
2262.122   2.995   1.384   2.200  75.909   0.317
2262.274   2.977   1.389   2.238  74.837   0.308
2262.427   2.940   1.389   2.280  77.555   0.289
2262.579   2.954   1.427   2.286  77.183   0.286
2262.732   2.951   1.442   2.254  72.051   0.291
2262.884   2.944   1.454   2.212  66.090   0.293
2263.036   2.951   1.467   2.186  58.756   0.305
2263.189   2.980   1.532   2.167  57.604   0.303
2263.341   3.051   1.532   2.165  57.434   0.316
2263.494   3.061   1.600   2.170  58.444   0.311
2263.646   3.107   1.644   2.172  59.117   0.307
2263.798   3.131   1.662   2.179  58.303   0.295
2263.951   3.141   1.668   2.199  61.010   0.287
2264.103   3.139   1.668   2.206  60.509   0.279
2264.256   3.200   1.668   2.214  62.733   0.274
2264.408   3.153   1.658   2.211  62.086   0.276
2264.560   3.215   1.641   2.210  63.896   0.285
2264.713   3.225   1.597   2.202  64.484   0.282
2264.865   3.239   1.629   2.196  64.247   0.279
2265.018   3.279   1.626   2.191  63.792   0.279
2265.170   3.212   1.626   2.191  61.838   0.281
2265.323   3.214   1.623   2.195  62.185   0.289
2265.475   3.187   1.596   2.205  61.252   0.271
2265.627   3.163   1.544   2.208  60.340   0.270
2265.780   3.152   1.542   2.198  59.092   0.271
2265.932   3.160   1.532   2.188  60.677   0.297
2266.084   3.085   1.532   2.176  65.626   0.305
2266.237   3.062   1.522   2.175  68.717   0.309
2266.389   3.073   1.518   2.176  67.246   0.309
2266.541   3.073   1.515   2.171  64.065   0.303
2266.694   3.076   1.514   2.169  65.408   0.292
2266.846   3.148   1.514   2.175  68.537   0.306
2266.999   3.192   1.511   2.178  71.336   0.308
2267.151   3.168   1.520   2.168  67.326   0.312
2267.304   3.173   1.592   2.169  63.158   0.277
2267.456   3.174   1.600   2.181  61.407   0.273
2267.608   3.161   1.613   2.196  60.720   0.259
2267.761   3.161   1.462   2.204  62.420   0.264
2267.913   3.212   1.462   2.209  60.048   0.265
2268.066   3.194   1.473   2.204  62.554   0.282
2268.218   3.179   1.607   2.195  63.513   0.291
2268.370   3.163   1.623   2.187  65.523   0.310
2268.523   3.148   1.591   2.176  62.389   0.308
2268.675   3.150   1.594   2.171  62.501   0.317
2268.828   3.227   1.594   2.175  61.916   0.299
2268.980   3.242   1.595   2.176  63.035   0.305
2269.132   3.182   1.509   2.178  60.319   0.293
2269.285   3.179   1.510   2.179  62.137   0.289
2269.437   3.174   1.504   2.183  63.636   0.285
2269.590   3.200   1.506   2.190  66.840   0.284
2269.742   3.179   1.506   2.192  64.897   0.287
2269.894   3.193   1.585   2.184  66.479   0.285
2270.047   3.194   1.506   2.179  65.519   0.283
2270.199   3.194   1.505   2.173  67.188   0.284
2270.352   3.254   1.490   2.175  65.165   0.288
2270.504   3.284   1.449   2.179  65.634   0.288
2270.657   3.262   1.449   2.187  69.012   0.297
2270.809   3.128   1.476   2.200  74.482   0.291
2270.961   3.093   1.508   2.239  79.068   0.287
2271.113   3.077   1.389   2.264  78.777   0.269
2271.266   3.022   1.434   2.251  73.879   0.271
2271.419   2.977   1.409   2.209  71.116   0.283
2271.571   2.942   1.409   2.179  68.565   0.296
2271.723   2.929   1.371   2.183  69.852   0.309
2271.876   2.930   1.368   2.189  68.487   0.312
2272.028   2.910   1.371   2.192  69.215   0.345
2272.180   2.958   1.428   2.177  72.010   0.356
2272.333   3.003   1.471   2.173  72.719   0.356
2272.485   3.009   1.471   2.182  73.514   0.328
2272.638   3.098   1.489   2.201  70.676   0.309
2272.790   3.116   1.496   2.194  70.074   0.312
2272.942   3.129   1.451   2.175  68.582   0.306
2273.095   3.152   1.508   2.168  64.010   0.305
2273.247   3.129   1.455   2.179  62.311   0.289
2273.400   3.057   1.455   2.184  57.974   0.285
2273.552   2.964   1.397   2.186  58.916   0.281
2273.704   2.944   1.385   2.188  59.794   0.278
2273.857   2.926   1.377   2.194  63.236   0.272
2274.009   2.924   1.270   2.224  66.184   0.287
2274.162   2.943   1.268   2.256  71.836   0.309
2274.314   2.931   1.423   2.289  77.541   0.323
2274.466   2.934   1.412   2.286  79.338   0.314
2274.619   2.924   1.379   2.250  76.505   0.306
2274.771   2.904   1.379   2.222  72.395   0.301
2274.924   2.967   1.405   2.220  73.973   0.318
2275.076   3.029   1.405   2.223  73.331   0.310
2275.229   3.121   1.468   2.208  70.807   0.310
2275.381   3.131   1.530   2.183  67.581   0.300
2275.533   3.124   1.550   2.168  64.058   0.302
2275.686   3.166   1.536   2.167  62.985   0.301
2275.838   3.196   1.520   2.164  61.189   0.287
2275.990   3.216   1.520   2.160  62.811   0.283
2276.143   3.245   1.520   2.159  63.447   0.279
2276.295   3.252   1.391   2.169  63.613   0.278
2276.448   3.272   1.581   2.187  62.107   0.284
2276.600   3.261   1.646   2.197  62.518   0.282
2276.752   3.256   1.667   2.197  60.723   0.280
2276.905   3.305   1.667   2.192  60.998   0.270
2277.057   3.321   1.644   2.195  61.727   0.270
2277.210   3.342   1.627   2.201  61.359   0.269
2277.362   3.302   1.621   2.207  61.255   0.279
2277.514   3.185   1.546   2.200  61.319   0.280
2277.667   3.079   1.520   2.202  67.044   0.290
2277.819   2.994   1.520   2.204  66.246   0.276
2277.972   2.995   1.516   2.205  66.197   0.279
2278.124   3.022   1.511   2.208  62.996   0.298
2278.276   3.032   1.573   2.240  72.072   0.347
2278.429   3.107   1.599   2.281  77.361   0.356
2278.581   3.223   1.631   2.303  77.399   0.329
2278.734   3.240   1.631   2.263  67.888   0.287
2278.886   3.245   1.626   2.225  63.176   0.277
2279.038   3.256   1.590   2.198  62.710   0.289
2279.191   3.260   1.610   2.199  63.623   0.299
2279.343   3.263   1.594   2.201  63.525   0.304
2279.496   3.248   1.614   2.197  64.464   0.297
2279.648   3.284   1.614   2.196  65.663   0.294
2279.800   3.287   1.621   2.196  64.319   0.290
2279.953   3.297   1.625   2.206  64.567   0.289
2280.105   3.293   1.632   2.206  65.864   0.286
2280.258   3.262   1.659   2.201  64.368   0.281
2280.410   3.263   1.672   2.199  63.540   0.294
2280.562   3.264   1.672   2.213  62.139   0.299
2280.715   3.276   1.677   2.234  67.140   0.311
2280.867   3.288   1.688   2.256  70.075   0.304
2281.019   3.289   1.675   2.265  73.725   0.299
2281.172   3.264   1.670   2.270  77.836   0.287
2281.325   3.229   1.667   2.262  77.936   0.282
2281.477   3.237   1.667   2.239  75.294   0.279
2281.629   3.232   1.663   2.213  69.770   0.283
2281.782   3.235   1.653   2.208  67.785   0.277
2281.934   3.229   1.660   2.229  70.116   0.281
2282.086   3.234   1.627   2.232  68.640   0.274
2282.239   3.262   1.621   2.219  66.239   0.275
2282.391   3.280   1.621   2.200  62.692   0.277
2282.544   3.285   1.631   2.200  61.898   0.288
2282.696   3.295   1.652   2.203  65.208   0.282
2282.848   3.298   1.677   2.216  65.783   0.269
2283.001   3.287   1.500   2.234  69.480   0.259
2283.153   3.291   1.653   2.247  67.950   0.265
2283.306   3.301   1.653   2.237  64.959   0.273
2283.458   3.315   1.639   2.223  60.504   0.271
2283.610   3.320   1.639   2.208  62.544   0.269
2283.763   3.333   1.650   2.218  67.251   0.263
2283.915   3.358   1.650   2.238  72.800   0.263
2284.068   3.305   1.657   2.272  74.442   0.259
2284.220   3.292   1.657   2.282  75.684   0.257
2284.372   3.283   1.615   2.287  74.142   0.257
2284.525   3.273   1.618   2.272  69.569   0.260
2284.677   3.281   1.614   2.251  67.775   0.278
2284.830   3.278   1.568   2.223  64.351   0.284
2284.982   3.263   1.575   2.203  64.315   0.285
2285.135   3.261   1.575   2.207  62.752   0.277
2285.287   3.274   1.575   2.212  63.165   0.269
2285.439   3.278   1.589   2.221  62.904   0.259
2285.592   3.281   1.612   2.225  62.045   0.256
2285.744   3.302   1.601   2.227  61.514   0.258
2285.896   3.329   1.599   2.231  63.163   0.266
2286.049   3.346   1.599   2.226  64.433   0.259
2286.201   3.346   1.594   2.227  65.233   0.267
2286.354   3.220   1.571   2.225  63.877   0.271
2286.506   3.208   1.506   2.239  66.548   0.274
2286.658   3.099   1.492   2.260  70.317   0.271
2286.811   3.030   1.448   2.291  73.653   0.269
2286.963   2.950   1.448   2.333  79.202   0.306
2287.115   2.962   1.454   2.336  85.495   0.350
2287.268   3.057   1.509   2.337  91.253   0.387
2287.420   3.087   1.595   2.319  90.910   0.374
2287.573   3.139   1.617   2.316  86.576   0.353
2287.725   3.233   1.622   2.280  79.952   0.319
2287.878   3.263   1.622   2.251  74.361   0.300
2288.030   3.269   1.594   2.233  71.359   0.280
2288.182   3.257   1.593   2.220  68.886   0.283
2288.335   3.252   1.593   2.214  66.992   0.285
2288.487   3.253   1.601   2.204  62.992   0.281
2288.640   3.262   1.516   2.207  63.641   0.287
2288.792   3.255   1.516   2.216  64.891   0.281
2288.944   3.271   1.608   2.225  65.896   0.298
2289.097   3.277   1.619   2.228  65.809   0.286
2289.249   3.290   1.622   2.206  63.951   0.290
2289.402   3.283   1.653   2.193  63.310   0.275
2289.554   3.349   1.646   2.196  64.163   0.283
2289.706   3.264   1.646   2.238  60.666   0.261
2289.859   3.276   1.640   2.280  60.504   0.239
2290.011   3.212   1.635   2.276  59.292   0.223
2290.164   3.233   1.613   2.227  59.838   0.236
2290.316   3.242   1.598   2.191  60.630   0.260
2290.468   3.164   1.582   2.192  57.800   0.266
2290.621   3.178   1.582   2.196  57.176   0.274
2290.773   3.189   1.548   2.193  56.261   0.275
2290.925   3.191   1.547   2.188  58.531   0.280
2291.078   3.195   1.539   2.186  60.701   0.285
2291.231   3.192   1.537   2.188  62.906   0.287
2291.383   3.216   1.525   2.189  61.347   0.279
2291.535   3.201   1.525   2.187  60.584   0.265
2291.688   3.214   1.522   2.187  59.296   0.276
2291.840   3.224   1.515   2.188  60.327   0.288
2291.992   3.224   1.510   2.190  60.319   0.306
2292.145   3.197   1.521   2.189  63.392   0.296
2292.297   3.169   1.517   2.223  69.684   0.310
2292.450   3.138   1.517   2.276  76.036   0.307
2292.602   3.058   1.510   2.312  80.961   0.315
2292.754   3.046   1.506   2.304  84.341   0.304
2292.907   3.096   1.511   2.279  87.292   0.313
2293.059   3.096   1.539   2.267  85.618   0.316
2293.212   3.119   1.542   2.273  83.585   0.315
2293.364   3.171   1.542   2.277  82.284   0.322
2293.516   3.192   1.560   2.263  80.659   0.330
2293.669   3.214   1.573   2.238  76.157   0.324
2293.821   3.214   1.583   2.208  70.182   0.294
2293.974   3.211   1.565   2.203  67.217   0.276
2294.126   3.201   1.512   2.204  65.569   0.281
2294.278   3.194   1.512   2.209  62.837   0.283
2294.431   3.191   1.496   2.205  61.944   0.285
2294.583   3.186   1.576   2.209  60.881   0.284
2294.736   3.180   1.555   2.205  62.370   0.290
2294.888   3.184   1.524   2.203  61.946   0.276
2295.040   3.194   1.525   2.199  62.953   0.278
2295.193   3.196   1.525   2.199  65.252   0.282
2295.345   3.207   1.501   2.199  65.184   0.288
2295.498   3.211   1.511   2.195  67.216   0.281
2295.650   3.241   1.519   2.189  67.242   0.273
2295.802   3.229   1.569   2.199  67.311   0.276
2295.955   3.221   1.560   2.204  61.850   0.285
2296.107   3.218   1.560   2.203  62.397   0.276
2296.260   3.220   1.557   2.195  62.871   0.269
2296.412   3.212   1.534   2.200  64.411   0.267
2296.564   3.201   1.567   2.203  62.717   0.289
2296.717   3.205   1.570   2.204  64.789   0.290
2296.869   3.208   1.570   2.208  67.266   0.295
2297.021   3.220   1.530   2.204  66.472   0.284
2297.174   3.203   1.530   2.203  62.855   0.296
2297.326   3.221   1.525   2.195  64.696   0.284
2297.479   3.217   1.492   2.209  66.218   0.279
2297.631   3.182   1.477   2.213  69.011   0.277
2297.784   3.068   1.477   2.223  69.233   0.287
2297.936   3.015   1.471   2.190  65.615   0.295
2298.088   2.995   1.366   2.169  61.491   0.308
2298.241   3.001   1.348   2.153  55.955   0.309
2298.393   2.975   1.345   2.160  57.012   0.313
2298.546   2.999   1.380   2.156  59.987   0.319
2298.698   3.009   1.380   2.169  65.657   0.321
2298.850   3.079   1.370   2.203  70.934   0.321
2299.003   3.124   1.399   2.273  78.314   0.314
2299.155   3.122   1.462   2.323  85.654   0.319
2299.308   3.143   1.516   2.343  86.965   0.309
2299.460   3.145   1.246   2.313  84.657   0.301
2299.612   3.133   1.246   2.292  80.837   0.293
2299.765   3.149   1.482   2.259  78.073   0.297
2299.917   3.118   1.543   2.220  72.375   0.288
2300.070   3.107   1.549   2.187  62.973   0.283
